7.999125335743578757e-01
6.441395140141550346e-01
7.144407578659792701e-01
5.328085329338230203e-01
6.199778190358851138e-01
7.326686922883913766e-01
7.271654640139566528e-01
2.602585952044943023e-03
7.400398082823624879e-01
1.876721038486666229e-02
6.517069812677436236e-01
8.053587952456604526e-01
3.160324421448639787e-01
6.499903481922932880e-01
8.106525053806488135e-01
9.715705954014365042e-06
5.801832042787567366e-04
5.021357204931772289e-01
8.555387721668930023e-01
1.101350642147778773e-02
6.890752493491602015e-01
5.041674533095988897e-01
7.134509811639102583e-01
5.030328872200150458e-01
6.864413648880527408e-01
8.141220541365412622e-01
8.104253669181906705e-01
2.303918420331433573e-03
8.242691161217685636e-01
4.365649560207121027e-01
